1 1 1 1 Белорусский язык 10 11.09.2017 2 8
2 2 1 2 Математика 10 15.09.2017 2 7
3 3 1 3 Русский язык 15 20.09.2017 3 9
4 1 2 1 Белорусский язык 15 11.09.2017 3 8
5 2 2 2 Математика 5 15.09.2017 1 6
6 3 2 3 Русский язык 15 20.09.2017 3 7
7 1 3 1 Белорусский язык 15 11.09.2017 3 6
8 2 3 2 Математика 5 15.09.2017 1 6
9 3 3 3 Русский язык 10 20.09.2017 2 5
10 1 4 1 Белорусский язык 15 11.09.2017 3 5
11 2 4 2 Математика 5 15.09.2017 1 6
12 3 4 3 Русский язык 15 20.09.2017 3 7
13 1 5 1 Белорусский язык 15 11.09.2017 3 7
14 2 5 2 Математика 15 15.09.2017 3 8
15 3 5 3 Русский язык 10 20.09.2017 2 9
16 1 6 1 Белорусский язык 10 11.09.2017 2 7
17 2 6 2 Математика 10 15.09.2017 2 6
18 3 6 3 Русский язык 10 20.09.2017 3 8
19 1 7 1 Белорусский язык 10 11.09.2017 2 5
20 2 7 2 Математика 5 15.09.2017 1 4
21 3 7 3 Русский язык 15 20.09.2017 3 6
22 1 8 1 Белорусский язык 15 11.09.2017 3 9
23 2 8 2 Математика 10 15.09.2017 2 6
24 3 8 3 Русский язык 15 20.09.2017 3 8
25 1 9 1 Белорусский язык 15 11.09.2017 3 8
26 2 9 2 Математика 10 15.09.2017 2 7
27 3 9 3 Русский язык 15 20.09.2017 3 10
28 1 10 1 Белорусский язык 15 11.09.2017 3 6
29 2 10 2 Математика 15 15.09.2017 3 9
30 3 10 3 Русский язык 5 20.09.2017 1 5
